0 LDCad info for "~Animal Horse Skeletal - Non-Mirrored Section"
0 Author: Milan Vancura [MilanV]
0 !LICENSE Free for non-commercial use.

0 !LDCAD SNAP_CYL [gender=M] [caps=two] [secs=R 4 23] [pos=10 31.08636781 -53.83890199] [ori=1 0 0 0 0.93969262 0.34202014 0 -0.34202014 0.93969262]
0 !LDCAD SNAP_CYL [gender=M] [caps=two] [secs=R 4 23] [pos=-10 31.7030213 9.25523195] [ori=1 0 0 0 0.93969262 0.34202014 0 -0.34202014 0.93969262]
0 !LDCAD SNAP_CYL [gender=M] [caps=two] [secs=R 4 23] [pos=-10 32.45171222 -21.46942014] [ori=1 0 0 0 0.95105652 -0.30901699 0 0.30901699 0.95105652]
0 !LDCAD SNAP_CYL [gender=M] [caps=two] [secs=R 4 23] [pos=10 33.70436537 39.39666943] [ori=1 0 0 0 0.9612617 -0.27563735 0 0.27563735 0.9612617]
